12921
14918
94177
12924
13970
23047
23044
23042
03720
14914
13737
93817
93814
93815
13733
03882
12834
25501
12839
26451
24225
13739
93819
14777
13977
14771
24257
94815
24163
93842
14913
23182
14923
23293
93013
93138
24033
14848
14916
94771
94846
14842
04781
93821
13723
23273
93738
93736
14768
13880
14742
14990
14740
93225
24153
24121
14748
04825
93110
23160
23169
03870
13895
12836
14839
12919
24156
13942
63854
14837
14836
26411
93721
24013
25503
14850
21504
12838
14943
13995
13994
94745
03904
14925
03901
14922
23174
14920
03860
54831
94870
93193
14944
03144
13869
14942
13866
14820
14821
14826
14827
12916
12959
24135
12849
24132
24131
12842
04725
23259
23258
93845
12844
03856
13744
23009
13743
13740
13741
93206
14723
26617
53883
13748
94025
27514
23066
14933
23062
53922
24283
94860
24286
22549
13972
23129
12871
13976
93184
25339
13874
13876
13877
14606
24089
93740
93915
24127
03011
93741
12960
93758
94910
14739
13964
14732
14737
14734
14735
94822
03927
23152
03928
24145
13962
13963
13960
13966
13967
25309
94823
13968
94890
24229
23230
23234
24221
12815
24157
94847
13881
21510
13883
14898
14895
24011
23155
26615
24143
03937
26616
14819
93874
13959
13958
13957
12897
12896
14710
14711
12816
23185
24230
24090
24232
23188
22521
24146
13897
24144
24233
94178
13893
13891
93073
94789
13899
03822
03820
14845
11641
03940
00398
23034
03947
94908
14860
94830
13882
23050
14792
14841
93805
23183
14939
23195
23190
22516
03103
03102
14765
14764
23023
93843
93822
13722
24243
03813
03812
93820
13865
03950
